94
20
59
55
96
78
26
19
96
19
64
91
77
26
8
88
64
26
67
21
25
5
46
89
41
36
21
53
17
76
89
66
97
37
41
99
0
30
44
96
80
16
86
71
22
28
0
48
35
20
54
0
38
38
64
62
73
30
70
99
96
1
9
84
25
90
90
62
50
61
98
46
30
43
9
71
54
2
90
41
89
2
71
16
22
36
32
98
78
19
33
2
59
60
65
62
86
92
88
24
54
91
26
57
78
91
10
50
29
88
17
57
30
41
35
33
46
7
63
69
2
43
92
19
70
10
61
92
88
55
11
12
79
31
50
85
32
13
28
58
70
49
86
35
78
27
85
2
66
46
85
84
11
79
27
69
86
77
20
99
99
29
97
15
10
83
99
55
92
47
64
85
90
19
69
79
37
28
53
44
81
31
46
33
23
70
84
50
59
82
11
33
75
88
16
85
6
97
61
50
54
28
32
31
36
60
61
33
43
98
44
74
11
29
42
10
80
24
33
59
56
88
94
92
41
0
76
38
92
55
23
78
62
98
54
89
93
53
31
41
72
28
1
61
37
27
80
66
40
74
1
15
37
37
73
23
27
48
59
61
75
3
82
55
40
33
5
51
76
47
88
71
80
55
0
65
23
98
22
89
5
92
88
60
83
64
72
70
18
16
71
22
12
63
66
5
64
73
6
61
10
32
13
60
0
45
81
30
12
47
2
52
53
56
79
15
70
89
66
85
58
93
55
15
51
33
19
56
82
43
56
34
7
81
93
35
18
22
29
91
45
4
40
53
78
85
81
71
61
63
76
44
59
54
19
66
67
38
81
85
66
95
23
67
82
14
51
48
75
13
23
85
49
86
82
82
83
88
94
26
49
15
82
88
82
68
40
87
84
58
47
38
48
39
75
31
67
27
66
95
23
10
31
95
5
45
54
41
7
87
22
17
5
58
87
39
53
14
13
72
75
41
91
57
60
46
53
23
55
47
23
88
67
25
2
79
40
25
81
36
88
1
22
95
22
54
57
67
13
48
94
7
55
19
11
77
3
77
59
87
58
52
26
15
73
31
70
82
27
65
51
94
85
91
73
94
35
36
10
27
51
59
79
8
62
99
87
82
3
6
72
66
31
9
38
65
39
84
66
95
89
59
92
55
34
88
43
31
17
44
35
39
65
18
81
85
13
3
29
96
65
53
13
93
62
89
9
17
47
31
11
40
95
6
7
60
98
73
37
69
11
50
60
96
73
49
31
28
10
38
51
52
62
60
76
0
88
45
61
63
31
8
91
50
0
73
6
31
59
25
22
13
38
6
80
0
25
21
45
65
25
51
18
17
56
90
32
63
13
18
59
47
13
20
17
32
97
58
11
74
28
96
6
95
85
96
13
53
39
58
8
5
69
43
62
46
80
56
93
93
56
46
11
21
67
2
85
19
5
39
94
12
33
91
25
54
73
47
9
57
29
71
71
88
59
51
15
37
27
28
76
66
18
14
32
77
95
30
63
59
69
97
1
41
90
74
88
27
10
89
69
14
53
80
58
30
94
69
53
9
59
78
47
0
54
54
43
52
75
45
52
31
85
68
46
69
99
71
42
50
59
72
76
55
13
81
10
22
55
74
23
42
38
84
89
29
69
38
80
48
89
83
23
69
4
64
54
28
52
28
27
30
60
14
64
49
59
15
61
73
13
74
90
89
94
41
39
93
90
10
7
31
7
26
40
2
15
81
21
23
49
45
20
96
59
69
95
46
66
38
65
3
81
1
26
80
1
22
95
90
90
18
68
92
4
56
4
45
77
19
55
32
98
96
0
8
77
78
18
19
45
17
18
43
50
94
6
33
21
89
48
2
36
93
94
87
35
17
26
68
10
42
16
29
47
20
15
29
12
25
77
17
94
16
42
78
77
71
44
83
48
78
86
25
61
69
22
48
50
88
38
99
79
1
59
89
24
62
65
32
60
38
80
67
24
36
63
87
74
27
10
62
89
56
77
61
97
92
88
12
4
29
21
88
68
46
89
48
77
48
43
61
84
13
94
1
63
28
60
87
31
41
69
18
87
15
50
40
63
92
48
69
61
65
13
69
20
3
26
26
79
18
80
63
37
74
32
31
14
96
77
74
79
59
28
27
80
44
84
86
51
71
26
33
97
55
4
46
8
82
5
92
0
71
60
95
90
69
34
33
27
57
19
24
68
59
65
90
99
70
84
5
50
70
85
51
99
48
94
45
75
61
72
40
29
91
32
89
28
93
20
44
5
26
73
16
71
26
10
18
